Stack A:

12	13	86	87	36	37	62	63										||
10	11	88	89	34	35	64	65		14	15	84	85	38	39	60	61	||	4	5	94	95	28	29	70	71		18	19	80	81	44	45	54	55
8	9	90	91	32	33	66	67		16	17	82	83	40	41	58	59	||	2	3	96	97	26	27	72	73		20	21	78	79	46	47	52	53
6	7	92	93	30	31	68	69		18	19	80	81	42	43	56	57	||	0	1	98	99	24	25	74	75		22	23	76	77	48	49	50	51

Push order NOT STACK!:

53, 52, 46, 47, 77, 76, 22, 23		1, 0, 98, 99, 25, 24, 74, 75,
51, 50, 48, 49,

11, 10, 88, 89, 35, 34, 64, 65,
63, 62, 36, 37, 87, 86, 12, 13,
9, 8, 90, 91, 33, 32, 66, 67,
61, 60, 38, 39, 85, 84, 14, 15,
7, 6, 92, 93, 31, 30, 68, 69,
59, 58, 40, 41, 83, 82, 16, 17,
5, 4, 94, 95, 29, 28, 70, 71,
57, 56, 42, 43, 81, 80, 18, 19,
3, 2, 96, 97, 27, 26, 72, 73,
55, 54, 44, 45, 79, 78, 20, 21,
1, 0, 98, 99, 25, 24, 74, 75,
53, 52, 46, 47, 77, 76, 22, 23,
51, 50, 48, 49,

================================================================================
Stack A:	Remaining Numbers:

Stack B: First push the right 4 numbers then left
					49, 48, 50, 51,
23, 22, 76, 77,		47, 46, 52, 53,
21, 20, 78, 79,		45, 44, 54, 55,
19, 18, 80, 81,		43, 42, 56, 57,
17, 16, 82, 83,		41, 40, 58, 59,
15, 14, 84, 85,		39, 38, 60, 61,
13, 12, 86, 87,		37, 36, 62, 63,
11, 10, 88, 89,		35, 34, 64, 65,
9, 8, 90, 91,		33, 32, 66, 67,
7, 6, 92, 93,		31, 30, 68, 69,
5, 4, 94, 95,		29, 28, 70, 71,
3, 2, 96, 97,		27, 26, 72, 73,
1, 0, 98, 99,		25, 24, 74, 75,
================================================================================

Stack A push example first 8 numbers:

						52
				47	53	53
		46	53	53	47	47	47	46
	53	53	46	46	46	46	46	47
48	48	48	48	48	48	48	48	48
..	..	..	..	..	..	..	..	..
51	51	51	51	51	51	51	51	51
							52	52
							53	53

Sort 2-1	: 1 swap 1 rotate
Sort 2-2	: 2 swap 2 rotate (one doubleswap)
